# oST version 5.0 parameters


[image]

width
960

height
720

[narrow_stereo]

camera matrix
919.424717 0.000000 459.655779
0.000000 911.926190 323.551997
0.000000 0.000000 1.000000

distortion
-0.041948 0.048619 -0.022789 -0.004038 0.000000

rectification
1.000000 0.000000 0.000000
0.000000 1.000000 0.000000
0.000000 0.000000 1.000000

projection
924.081787 0.000000 455.713683 0.000000
0.000000 904.971619 310.291689 0.000000
0.000000 0.000000 1.000000 0.000000

